55
1 22 1.0
2 5 2.0
2 10 2.0
45 46 2.0
47 48 2.0
47 53 2.0
17 18 3.0
23 24 3.0
48 55 3.0
18 19 4.0
22 32 4.0
49 50 4.0
1 35 4.7
22 25 5.0
47 52 5.0
50 52 5.0
20 21 6.0
1 11 6.3
22 26 7.0
11 18 8.0
40 44 8.0
43 44 8.0
47 54 8.0
16 18 9.0
22 31 9.0
47 51 9.0
2 6 10.0
22 27 10.0
35 36 10.0
38 39 10.0
22 30 11.0
35 37 11.0
14 15 12.0
40 42 12.0
40 45 12.0
41 42 12.0
2 9 13.0
11 12 13.0
22 28 13.0
35 38 13.0
7 8 14.0
22 24 14.0
33 34 14.0
2 56 15.0
22 33 15.0
7 9 16.0
2 4 18.0
29 30 18.0
1 40 19.5
11 13 20.0
1 47 21.0
2 3 23.0
11 21 25.0
11 15 34.0
47 56 42.5
601.0
