99
8 17 1.0
8 67 1.0
8 73 1.0
11 12 1.0
13 14 1.0
15 60 1.0
24 37 1.0
24 91 1.0
26 31 1.0
26 67 1.0
29 67 1.0
30 93 1.0
36 37 1.0
37 94 1.0
55 82 1.0
57 86 1.0
58 98 1.0
60 72 1.0
64 67 1.0
67 89 1.0
75 76 1.0
79 80 1.0
2 3 2.0
6 15 2.0
6 73 2.0
7 34 2.0
8 79 2.0
9 10 2.0
10 67 2.0
14 91 2.0
15 87 2.0
19 74 2.0
24 30 2.0
26 91 2.0
28 80 2.0
29 61 2.0
34 61 2.0
35 80 2.0
38 92 2.0
39 95 2.0
48 53 2.0
48 61 2.0
48 81 2.0
51 63 2.0
55 87 2.0
61 86 2.0
63 75 2.0
64 74 2.0
84 98 2.0
4 95 3.0
6 22 3.0
8 40 3.0
17 18 3.0
17 100 3.0
19 20 3.0
41 52 3.0
43 44 3.0
50 59 3.0
55 56 3.0
59 62 3.0
62 98 3.0
67 68 3.0
96 97 3.0
98 99 3.0
3 12 4.0
4 51 4.0
22 84 4.0
23 29 4.0
39 40 4.0
45 72 4.0
64 65 4.0
71 72 4.0
87 88 4.0
2 37 5.0
10 85 5.0
31 32 5.0
32 33 5.0
52 53 5.0
53 54 5.0
68 97 5.0
78 79 5.0
90 91 5.0
21 97 6.0
25 26 6.0
26 77 6.0
47 48 6.0
4 5 7.0
44 45 7.0
51 92 7.0
66 67 7.0
68 69 7.0
46 89 8.0
69 70 8.0
83 84 8.0
49 50 9.0
16 17 10.0
26 27 10.0
41 42 10.0
1 100 12.0
336.0
