56
1 2 63000
1 11 6300
1 22 1
1 35 4700
1 40 19500
1 47 2100
2 3 1
2 4 1
2 5 1
2 6 1
2 7 1
2 8 1
2 9 1
2 10 1
3 5 1
4 5 1
5 6 1
6 7 1
6 9 1
7 8 1
7 9 1
8 9 1
8 10 1
11 12 1
11 13 1
11 14 1
11 15 1
11 16 1
11 17 1
11 18 1
11 19 1
11 20 1
11 21 1
12 13 1
14 15 1
16 18 1
17 18 1
18 19 1
20 21 1
22 23 1
22 24 1
22 25 1
22 26 1
22 27 1
22 28 1
22 29 1
22 30 1
22 31 1
22 32 1
22 33 1
22 34 1
23 24 1
25 26 1
27 28 1
29 30 1
31 32 1
33 34 1
35 36 1
35 37 1
35 38 1
35 39 1
36 37 1
38 39 1
40 41 1
40 42 1
40 43 1
40 44 1
40 45 1
40 46 1
41 42 1
43 44 1
45 46 1
47 48 1
47 49 1
47 50 1
47 51 1
47 52 1
47 53 1
47 54 1
47 55 1
48 49 1
48 53 1
48 55 1
49 50 1
49 55 1
50 51 1
50 52 1
52 53 1
52 54 1
53 54 1
54 55 1
56 2 2
56 11 2
56 22 2
56 35 2
56 40 2
56 47 2
